0 : 16 31 3 32
1 : 7
2 : 26 19 40 18
3 : 8 31 0 7
4 : 5 11
5 : 34 11 4 35
6 : 18 16 10 31 8
7 : 1 3
8 : 18 6 31 3
9 : 1
10 : 6 16 31
11 : 4 5
12 : 17
13 : 20 15 39
14 : 
15 : 13 39
16 : 18 32 0 3 31 10 6
17 : 12
18 : 24 2 16 6 8
19 : 37 2 29
20 : 13 39 40
21 : 30 35 28
22 : 27
23 : 
24 : 26 18
25 : 36 28 35
26 : 29 2 24
27 : 22
28 : 21 35 25 36
29 : 37 19 26
30 : 34 35 21
31 : 8 6 10 32 0 3
32 : 16 0
33 : 36 38 37
34 : 30 5 35
35 : 21 30 34 5 25 28
36 : 33 28 25 38
37 : 33 38 19 29
38 : 33 36 19 37
39 : 20 13 15
40 : 20 2
